$ANSIBLE_VAULT;1.1;AES256
61613762366536643362353532393366313039363637653630366466353066646363383634353764
3738326431373932346335643962333731326233313334620a333163636638316233313937656334
62333633346137636666616433376561363930396531643564323233626237633139396132633665
6364333236636133660a396436346135626631646431363634386566373265623038366463386332
31356366646563343036643932323362623861613732323231303866663235656138366230623265
38313130396435303131313933666563363330363039353166656361623136333262623861323031
39313634303661376638623166346162383630663837393464303361636365313866663839326634
35363664383534396564343635376261626633316436663738336262323235383163323735663862
64373663643534623632383264303936373230333863396561333465373533373961373131336631
66336530333962323631306434636562323463343062343331303166353663373539633864383938
34393937613563616564323933393932613036643461323337613036363562313764646136333261
37386438643831643633613464626661613164366434613932393262383732333433616534643564
33386534313834326530386135396235653931653731343463356665383762643463663231396336
34366262333338313034616463663435363439316339356438313734633834343563666664656339
36643835643936353638306136316235633739666562376663353932643538656632613439376138
32626136316466623336396436353962333162373738303633643832313439336364313630356138
33316361333632333830313166393230613533346564613535353130353538383435373332656263
32636633306234353336326538366262666437323734653266643137663863363137346361376539
33373065326535383137306234393539336637303137383938356265396437613064643135633939
31326331623365616439346633643865326566636332396164333664393830633331323136393834
36336232633466356663626131343033306165633938373266613235666635373833396632663961
35383937383732393233643237653339303638616434663633636636616138643532343430636463
36316331646537386263326134323236656434656534616330613939346562633931303234626565
37646330666639646533663932653135623730363836383461303332313361623964643531306439
31363932616531373534316336663734376565316465626636656261383962623062313532323838
64333031643161633231636433343539613438323065336130303961643832366464623730363538
34383962313933316561623666653232363966333965633533376430353939656464383463643464
66633862306533613661
