$ANSIBLE_VAULT;1.1;AES256
38653364613365313766343933316539303635636534646362303761633764376464636562333965
3632393865373835663737303836636361653433613234370a326135643434653262323361366132
32663036366333633737633639363136363030643930366663396432376630326639396135623066
3035643463353931330a326236643761396530316561636139633562623161666265636531616561
64646565303664343633346331353464303632323137323861653930306462383665623639393937
33623462363763623261623266333231633765613162323535656631623262616137366361663433
35376464306536363838656130343031306335623834366334653061376437663436383564643839
37316435303631633035646366356234613437643664366637626433633332333334353333343063
61313363383366366338333163656261363432633231616334353964663235663235323838656561
64396663363736666434663138383934663034306137333965646161383363323563613332313031
36666134386631656235383630633238363331633066646465656339303236363863383436656237
63626465643330666434363532653561613234633133353839343364646539626434363764366336
66363665326132346635643330393662303462366430626633363734373638643931376130623134
66623237666232623066633230656636386230316336643433656137376637313232313234643730
38643332653737313933313832303337333165313538633631623137326537303830303264386664
36346430643137656434626463653735323834303536653737643335613436643637653861376339
38323839616231333838303931653935636234616332373035323539316135333661323439633136
38373931316262306436633038623337623863353930303737653963373865656263656537303166
30663461663937383362376431346631336265643831633734646337616163353466653565386464
63383439346434626135376137306261386439656661313633613030623566663462316239663565
65303561666137623437653161623430393733343463633632643364626233646236323462323661
65663065383866643566363533656634346439363361303966303030613862376135353966313536
61376535613537333362373665636464396132396265366135336563323239383833323264376539
36613131616639386130346363393630396361343963346364303135303235356432303866636262
38393032613933363631626261636334303066656136363531303635353237653663363930623530
63386238393338303934316434383837633966613734313530303538393962306137363833323833
61333939636566646434636465336432666439626133636532666261383066363663326166646466
64633365666261363166
